998910484332
998910484333
998910484334
998910484336
998910484337
998910484338
998910484339
998910484340
998910484341
998910484342
998910484343
998910484344
998910484345
998910484346
998910484347
998910484348
998910484349
998910484350
998910484351
998910484352
998910484353
998910484354
998910484355
998910484356
998910484357
998910484358
998910484359
998910484360
998910484361
998910484362
998910484363
998910484364
998910484365
998910484366
998910484367
998910484368
998910484369
998910484370
998910484371
998910484372
998910484373
998910484374
998910484375
998910484376
998910484377
998910484378
998910484379
998910484380
998910484381
998910484382
998910484383
998910484384
998910484385
998910484386
998910484387
998910484388
998910484389
998910484390
998910484391
998910484392
998910484393
998910484394
998910484395
998910484396
998910484397
998910484398
998910484399
998910484400
998910484401
998910484402
998910484403
998910484404
998910484405
998910484407
998910484408
998910484409
998910484410
998910484411
998910484412
998910484413
998910484414
998910484415
998910484416
998910484417
998910484418
998910484419
998910484420
998910484421
998910484422
998910484423
998910484424
998910484425
998910484426
998910484427
998910484428
998910484429
998910484432
998910484433
998910484434
998910484435
998910484436
998910484437
998910484438
998910484439
998910484440
998910484441
998910484442
998910484443
998910484444
998910484445
998910484447
998910484448
998910484449
998910484450
998910484451
998910484452
998910484454
998910484455
998910484456
998910484457
998910484458
998910484459
998910484460
998910484461
998910484462
998910484464
998910484465
998910484467
998910484468
998910484469
998910484470
998910484471
998910484472
998910484473
998910484474
998910484475
998910484476
998910484477
998910484478
998910484479
998910484480
998910484481
998910484482
998910484483
998910484484
998910484485
998910484486
998910484487
998910484488
998910484489
998910484490
998910484491
998910484492
998910484493
998910484494
998910484495
998910484496
998910484497
998910484498
998910484499
998910484500
998910484501
998910484502
998910484503
998910484504
998910484505
998910484506
998910484507
998910484509
998910484510
998910484511
998910484512
998910484513
998910484514
998910484515
998910484516
998910484517
998910484518
998910484519
998910484520
998910484521
998910484522
998910484523
998910484524
998910484526
998910484527
998910484528
998910484529
998910484530
998910484531
998910484532
998910484533
998910484534
998910484535
998910484536
998910484537
998910484538
998910484539
998910484540
998910484541
998910484542
998910484543
998910484544
998910484547
998910484548
998910484550
998910484552
998910484554
998910484555
998910484557
998910484558
998910484559
998910484560
998910484561
998910484562
998910484563
998910484564
998910484565
998910484566
998910484567
998910484568
998910484569
998910484570
998910484571
998910484572
998910484573
998910484574
998910484575
998910484576
998910484577
998910484578
998910484579
998910484580
998910484581
998910484582
998910484583
998910484584
998910484585
998910484586
998910484587
998910484589
998910484590
998910484591
998910484592
998910484593
998910484594
998910484595
998910484596
998910484597
998910484598
998910484599
998910484600
998910484601
998910484602
998910484603
998910484604
998910484605
998910484606
998910484607
998910484608
998910484609
998910484610
998910484611
998910484612
998910484613
998910484614
998910484615
998910484616
998910484617
998910484618
998910484619
998910484620
998910484621
998910484622
998910484623
998910484624
998910484625
998910484626
998910484627
998910484628
998910484629
998910484630
998910484631
998910484632
998910484634
998910484635
998910484636
998910484637
998910484639
998910484640
998910484641
998910484642
998910484643
998910484644
998910484645
998910484646
998910484647
998910484648
998910484649
998910484650
998910484651
998910484652
998910484653
998910484654
998910484655
998910484656
998910484657
998910484658
998910484659
998910484660
998910484661
998910484662
998910484663
998910484664
998910484665
998910484666
998910484667
998910484668
998910484669
998910484670
998910484671
998910484672
998910484673
998910484674
998910484675
998910484676
998910484677
998910484678
998910484679
998910484681
998910484682
998910484683
998910484684
998910484686
998910484687
998910484688
998910484690
998910484691
998910484692
998910484693
998910484694
998910484695
998910484696
998910484697
998910484698
998910484699
998910484700
998910484701
998910484703
998910484704
998910484705
998910484706
998910484707
998910484708
998910484709
998910484710
998910484711
998910484712
998910484713
998910484714
998910484715
998910484716
998910484718
998910484719
998910484720
998910484721
998910484722
998910484723
998910484724
998910484725
998910484726
998910484727
998910484728
998910484729
998910484730
998910484731
998910484732
998910484733
998910484734
998910484735
998910484736
998910484738
998910484739
998910484740
998910484741
998910484742
998910484743
998910484744
998910484746
998910484747
998910484748
998910484749
998910484750
998910484751
998910484752
998910484753
998910484754
998910484755
998910484756
998910484757
998910484758
998910484759
998910484760
998910484761
998910484762
998910484763
998910484764
998910484765
998910484766
998910484767
998910484768
998910484769
998910484770
998910484771
998910484772
998910484773
998910484774
998910484776
998910484777
998910484778
998910484779
998910484780
998910484781
998910484782
998910484783
998910484784
998910484785
998910484786
998910484787
998910484788
998910484789
998910484790
998910484791
998910484792
998910484793
998910484794
998910484795
998910484796
998910484798
998910484799
998910484800
998910484802
998910484803
998910484804
998910484805
998910484807
998910484808
998910484809
998910484810
998910484811
998910484813
998910484814
998910484815
998910484816
998910484817
998910484819
998910484820
998910484821
998910484822
998910484823
998910484824
998910484825
998910484826
998910484827
998910484828
998910484829
998910484830
998910484831
998910484832
998910484833
998910484834
998910484835
998910484836
998910484837
998910484838
998910484839
998910484840
998910484841
998910484842
998910484843
998910484844
998910484845
998910484846
998910484847
998910484848
998910484849
998910484850
998910484851
998910484852
998910484853
998910484854
998910484855
998910484856
998910484857
998910484858
998910484859
998910484861
998910484862
998910484863
998910484864
998910484865
998910484866
998910484867
998910484868
998910484869
998910484870
998910484871
998910484872
998910484873
998910484874
998910484875
998910484876
998910484877
998910484878
998910484879
998910484880
998910484881
998910484882
998910484883
998910484884
998910484885
998910484886
998910484887
998910484888
998910484889
998910484890
998910484891
998910484892
998910484893
998910484894
998910484895
998910484896
998910484897
998910484898
998910484899
998910484900
998910484901
998910484902
998910484903
998910484904
998910484905
998910484906
998910484907
998910484908
998910484910
998910484911
998910484912
998910484913
998910484914
998910484915
998910484916
998910484917
998910484918
998910484921
998910484922
998910484923
998910484924
998910484925
998910484926
998910484927
998910484928
998910484929
998910484930
998910484931
998910484932
998910484933
998910484934
998910484935
998910484936
998910484937
998910484938
998910484939
998910484941
998910484942
998910484945
998910484946
998910484947
998910484948
998910484949
998910484951
998910484952
998910484953
998910484954
998910484955
998910484956
998910484957
998910484958
998910484959
998910484960
998910484961
998910484962
998910484963
998910484964
998910484965
998910484966
998910484967
998910484968
998910484969
998910484970
998910484971
998910484972
998910484973
998910484974
998910484975
998910484976
998910484977
998910484978
998910484979
998910484980
998910484981
998910484982
998910484983
998910484984
998910484985
998910484986
998910484987
998910484988
998910484989
998910484990
998910484991
998910484992
998910484993
998910484994
998910484995
998910484996
998910484997
998910484998
998910484999
998910485000
998910485001
998910485002
998910485003
998910485004
998910485005
998910485006
998910485008
998910485009
998910485011
998910485013
998910485014
998910485015
998910485016
998910485017
998910485018
998910485020
998910485021
998910485022
998910485023
998910485024
998910485025
998910485026
998910485027
998910485028
998910485029
998910485030
998910485031
998910485032
998910485033
998910485034
998910485035
998910485036
998910485037
998910485038
998910485039
998910485040
998910485041
998910485042
998910485043
998910485044
998910485045
998910485046
998910485047
998910485048
998910485049
998910485050
998910485051
998910485052
998910485053
998910485054
998910485055
998910485057
998910485058
998910485059
998910485060
998910485061
998910485062
998910485063
998910485064
998910485065
998910485066
998910485067
998910485068
998910485069
998910485070
998910485071
998910485072
998910485073
998910485074
998910485075
998910485077
998910485078
998910485079
998910485080
998910485081
998910485082
998910485083
998910485084
998910485085
998910485086
998910485087
998910485088
998910485089
998910485090
998910485091
998910485092
998910485093
998910485094
998910485095
998910485096
998910485097
998910485098
998910485099
998910485100
998910485101
998910485102
998910485103
998910485104
998910485107
998910485108
998910485109
998910485110
998910485111
998910485112
998910485113
998910485114
998910485115
998910485116
998910485117
998910485118
998910485119
998910485120
998910485121
998910485122
998910485123
998910485124
998910485125
998910485126
998910485127
998910485128
998910485129
998910485130
998910485131
998910485132
998910485133
998910485134
998910485135
998910485136
998910485137
998910485138
998910485139
998910485140
998910485141
998910485142
998910485143
998910485144
998910485145
998910485146
998910485147
998910485148
998910485149
998910485150
998910485151
998910485152
998910485153
998910485154
998910485155
998910485156
998910485157
998910485158
998910485159
998910485160
998910485161
998910485162
998910485163
998910485164
998910485165
998910485166
998910485167
998910485168
998910485169
998910485170
998910485171
998910485172
998910485173
998910485174
998910485175
998910485176
998910485177
998910485178
998910485179
998910485180
998910485181
998910485182
998910485183
998910485184
998910485185
998910485186
998910485187
998910485188
998910485189
998910485190
998910485191
998910485192
998910485193
998910485194
998910485195
998910485196
998910485197
998910485198
998910485199
998910485200
998910485201
998910485203
998910485205
998910485206
998910485207
998910485208
998910485209
998910485210
998910485211
998910485212
998910485213
998910485214
998910485215
998910485216
998910485217
998910485218
998910485219
998910485220
998910485221
998910485222
998910485223
998910485224
998910485225
998910485226
998910485227
998910485228
998910485229
998910485230
998910485231
998910485232
998910485233
998910485234
998910485235
998910485236
998910485237
998910485238
998910485239
998910485240
998910485241
998910485242
998910485243
998910485244
998910485245
998910485246
998910485247
998910485248
998910485249
998910485250
998910485251
998910485252
998910485253
998910485255
998910485256
998910485257
998910485258
998910485260
998910485261
998910485263
998910485264
998910485265
998910485266
998910485267
998910485268
998910485269
998910485270
998910485271
998910485272
998910485273
998910485274
998910485275
998910485276
998910485277
998910485278
998910485279
998910485280
998910485281
998910485282
998910485283
998910485284
998910485285
998910485286
998910485287
998910485288
998910485289
998910485290
998910485291
998910485292
998910485293
998910485294
998910485295
998910485296
998910485297
998910485298
998910485299
998910485300
998910485301
998910485302
998910485303
998910485304
998910485305
998910485306
998910485307
998910485308
998910485309
998910485311
998910485312
998910485313
998910485314
998910485315
998910485316
998910485317
998910485318
998910485319
998910485320
998910485321
998910485322
998910485323
998910485324
998910485325
998910485326
998910485327
998910485328
998910485329
998910485330
998910485331
998910485332
998910485333
998910485334
998910485335
998910485336
998910485337
998910485338
998910485339
998910485340
998910485341
998910485342
998910485343
998910485344
998910485345
998910485346
998910485347
998910485348
998910485349
998910485350
998910485351
998910485352
998910485353
998910485354
998910485355
998910485356
998910485357
998910485358
998910485359
998910485360
998910485361
998910485362
998910485363
998910485364
998910485365
998910485367
998910485368
998910485369
998910485370
998910485371
998910485372
998910485373
998910485374
998910485375
998910485376
998910485377
998910485378
998910485379
998910485380
998910485381
998910485382
998910485383
998910485384
998910485385
998910485386
998910485387
998910485389
998910485390
998910485391
998910485392
998910485393
998910485394
998910485395
998910485396
998910485397
998910485398
998910485399
998910485400
998910485401
998910485402
998910485403
998910485404
998910485405
998910485406
998910485407
998910485408
998910485409
998910485410
998910485411
998910485412
998910485413
998910485414
998910485415
998910485416
998910485417
998910485418
998910485419
998910485422
998910485423
998910485424
998910485425
998910485426
998910485427
998910485428
998910485429
998910485430
998910485431
998910485432
998910485433
998910485434
998910485435
998910485436
998910485437
998910485438
998910485439
998910485440
998910485441
998910485442
998910485443
998910485444
998910485445
998910485446
998910485447
998910485448
998910485449
998910485450
998910485451
998910485452
998910485453
998910485454
998910485455
998910485456
998910485457
998910485458
998910485459
998910485460
998910485461
998910485462
998910485463
998910485464
998910485465
998910485466
998910485467
998910485468
998910485469
998910485470
998910485471
998910485472
998910485473
998910485474
998910485475
998910485476
998910485477
998910485478
998910485479
998910485480
998910485481
998910485482
998910485483
998910485484
998910485485
998910485486
998910485487
998910485488
998910485489
998910485490
998910485491
998910485492
998910485493
998910485494
998910485495
998910485496
998910485497
998910485498
998910485499
998910485500
998910485501
998910485502
998910485503
998910485504
998910485505
998910485506
998910485507
998910485508
998910485509
998910485510
998910485511
998910485512
998910485513
998910485514
998910485515
998910485516
998910485517
998910485518
998910485519
998910485520
998910485521
998910485522
998910485523
998910485524
998910485525
998910485526
998910485527
998910485528
998910485529
998910485530
998910485531
998910485532
998910485533
998910485534
998910485535
998910485536
998910485537
998910485538
998910485539
998910485540
998910485541
998910485542
998910485543
998910485544
998910485545
998910485546
998910485547
998910485548
998910485549
998910485550
998910485551
998910485552
998910485553
998910485554
998910485555
998910485556
998910485557
998910485558
998910485559
998910485560
998910485561
998910485562
998910485563
998910485564
998910485565
998910485566
998910485567
998910485568
998910485570
998910485571
998910485572
998910485573
998910485574
998910485575
998910485576
998910485577
998910485578
998910485579
998910485580
998910485581
998910485582
998910485583
998910485584
998910485585
998910485586
998910485587
998910485588
998910485589
998910485590
998910485591
998910485592
998910485593
998910485595
998910485596
998910485597
998910485598
998910485599
998910485600
998910485601
998910485602
998910485603
998910485605
998910485606
998910485607
998910485608
998910485609
998910485610
998910485611
998910485612
998910485613
998910485614
998910485615
998910485616
998910485617
998910485618
998910485620
998910485621
998910485622
998910485623
998910485624
998910485625
998910485626
998910485627
998910485628
998910485629
998910485630
998910485631
998910485632
998910485633
998910485634
998910485635
998910485636
998910485637
998910485638
998910485639
998910485640
998910485641
998910485642
998910485643
998910485644
998910485645
998910485646
998910485647
998910485648
998910485649
998910485650
998910485651
998910485652
998910485653
998910485655
998910485656
998910485657
998910485658
998910485659
998910485660
998910485661
998910485662
998910485663
998910485664
998910485665
998910485666
998910485667
998910485668
998910485669
998910485670
998910485671
998910485672
998910485673
998910485674
998910485675
998910485676
998910485677
998910485678
998910485679
998910485680
998910485681
998910485682
998910485683
998910485684
998910485685
998910485686
998910485687
998910485688
998910485689
998910485690
998910485691
998910485692
998910485693
998910485694
998910485695
998910485696
998910485697
998910485698
998910485699
998910485700
998910485701
998910485702
998910485703
998910485704
998910485705
998910485706
998910485707
998910485708
998910485709
998910485710
998910485711
998910485712
998910485713
998910485714
998910485716
998910485717
998910485718
998910485719
998910485720
998910485721
998910485722
998910485723
998910485724
998910485725
998910485726
998910485727
998910485728
998910485729
998910485730
998910485731
998910485732
998910485733
998910485734
998910485735
998910485736
998910485737
998910485738
998910485740
998910485741
998910485742
998910485743
998910485744
998910485745
998910485746
998910485747
998910485748
998910485749
998910485750
998910485751
998910485753
998910485754
998910485755
998910485757
998910485758
998910485759
998910485760
998910485761
998910485762
998910485763
998910485764
998910485765
998910485766
998910485767
998910485768
998910485769
998910485771
998910485773
998910485774
998910485775
998910485776
998910485777
998910485778
998910485779
998910485780
998910485781
998910485782
998910485783
998910485784
998910485785
998910485786
998910485787
998910485788
998910485789
998910485790
998910485791
998910485792
998910485793
998910485794
998910485795
998910485796
998910485797
998910485798
998910485799
998910485800
998910485801
998910485802
998910485803
998910485804
998910485805
998910485806
998910485807
998910485808
998910485809
998910485810
998910485811
998910485812
998910485813
998910485814
998910485815
998910485816
998910485817
998910485818
998910485819
998910485820
998910485821
998910485822
998910485823
998910485824
998910485825
998910485826
998910485827
998910485829
998910485830
998910485831
998910485832
998910485833
998910485834
998910485835
998910485836
998910485837
998910485838
998910485839
998910485840
998910485841
998910485842
998910485843
998910485844
998910485845
998910485846
998910485847
998910485848
998910485849
998910485850
998910485851
998910485853
998910485854
998910485856
998910485858
998910485859
998910485860
998910485861
998910485862
998910485863
998910485864
998910485865
998910485866
998910485867
998910485868
998910485869
998910485870
998910485871
998910485872
998910485873
998910485874
998910485875
998910485876
998910485877
998910485879
998910485880
998910485881
998910485882
998910485883
998910485884
998910485885
998910485886
998910485887
998910485888
998910485889
998910485890
998910485891
998910485892
998910485894
998910485895
998910485896
998910485897
998910485898
998910485899
998910485900
998910485901
998910485902
998910485903
998910485904
998910485905
998910485906
998910485907
998910485908
998910485909
998910485910
998910485911
998910485912
998910485913
998910485914
998910485915
998910485916
998910485917
998910485918
998910485919
998910485920
998910485921
998910485922
998910485923
998910485924
998910485925
998910485926
998910485927
998910485928
998910485929
998910485930
998910485931
998910485932
998910485933
998910485934
998910485935
998910485936
998910485937
998910485938
998910485939
998910485940
998910485941
998910485942
998910485943
998910485944
998910485945
998910485946
998910485947
998910485948
998910485949
998910485950
998910485951
998910485952
998910485954
998910485955
998910485956
998910485957
998910485958
998910485959
998910485960
998910485961
998910485962
998910485963
998910485964
998910485965
998910485966
998910485967
998910485968
998910485969
998910485970
998910485971
998910485972
998910485973
998910485974
998910485975
998910485976
998910485977
998910485978
998910485979
998910485980
998910485981
998910485982
998910485983
998910485984
998910485985
998910485986
998910485987
998910485988
998910485989
998910485990
998910485991
998910485992
998910485993
998910485994
998910485995
998910485996
998910485997
998910485998
998910485999
998910486000
998910486001
998910486002
998910486003
998910486005
998910486007
998910486008
998910486009
998910486010
998910486011
998910486012
998910486013
998910486014
998910486015
998910486016
998910486017
998910486018
998910486020
998910486021
998910486022
998910486023
998910486024
998910486025
998910486026
998910486027
998910486028
998910486029
998910486031
998910486032
998910486033
998910486034
998910486035
998910486036
998910486037
998910486038
998910486039
998910486041
998910486042
998910486044
998910486045
998910486046
998910486047
998910486048
998910486049
998910486050
998910486051
998910486052
998910486053
998910486054
998910486055
998910486056
998910486057
998910486058
998910486059
998910486060
998910486062
998910486063
998910486064
998910486065
998910486066
998910486067
998910486068
998910486069
998910486070
998910486071
998910486072
998910486073
998910486074
998910486075
998910486076
998910486077
998910486078
998910486081
998910486082
998910486083
998910486084
998910486085
998910486086
998910486087
998910486088
998910486089
998910486090
998910486091
998910486092
998910486093
998910486094
998910486095
998910486096
998910486097
998910486098
998910486099
998910486100
998910486101
998910486102
998910486103
998910486104
998910486105
998910486106
998910486107
998910486108
998910486109
998910486110
998910486111
998910486112
998910486113
998910486114
998910486115
998910486116
998910486117
998910486118
998910486119
998910486120
998910486121
998910486122
998910486123
998910486124
998910486125
998910486126
998910486127
998910486128
998910486129
998910486130
998910486131
998910486132
998910486133
998910486134
998910486135
998910486136
998910486137
998910486138
998910486139
998910486140
998910486141
998910486142
998910486143
998910486144
998910486145
998910486146
998910486147
998910486149
998910486151
998910486152
998910486153
998910486154
998910486155
998910486156
998910486157
998910486158
998910486159
998910486160
998910486162
998910486163
998910486164
998910486165
998910486166
998910486167
998910486168
998910486169
998910486170
998910486171
998910486172
998910486173
998910486174
998910486175
998910486176
998910486177
998910486178
998910486179
998910486180
998910486181
998910486182
998910486183
998910486184
998910486185
998910486186
998910486187
998910486188
998910486189
998910486190
998910486191
998910486192
998910486193
998910486194
998910486195
998910486196
998910486197
998910486198
998910486199
998910486200
998910486201
998910486202
998910486203
998910486204
998910486205
998910486206
998910486207
998910486208
998910486209
998910486210
998910486211
998910486212
998910486213
998910486214
998910486215
998910486216
998910486217
998910486218
998910486219
998910486220
998910486221
998910486222
998910486223
998910486224
998910486225
998910486226
998910486227
998910486228
998910486229
998910486230
998910486231
998910486232
998910486233
998910486234
998910486235
998910486236
998910486237
998910486238
998910486239
998910486240
998910486241
998910486242
998910486243
998910486244
998910486245
998910486246
998910486247
998910486248
998910486249
998910486250
998910486251
998910486252
998910486253
998910486254
998910486255
998910486256
998910486257
998910486258
998910486259
998910486261
998910486263
998910486264
998910486265
998910486267
998910486268
998910486269
998910486270
998910486271
998910486272
998910486273
998910486274
998910486275
998910486276
998910486277
998910486278
998910486279
998910486280
998910486281
998910486282
998910486283
998910486284
998910486285
998910486286
998910486287
998910486289
998910486290
